How to run :
Open project from Java IDE (mine was IntelliJ)
Build & Run !!

Input : (from .txt)<br>
8 8<br>
-99 16 27 89 34 65 12 10<br>
16 -99 56 78 32 16 64 32<br>
27 56 -99 82 57 35 80 25<br>
89 78 82 -99 34 51 19 47<br>
34 32 57 34 -99 42 59 41<br>
65 16 35 51 42 -99 76 82<br>
12 64 80 19 59 76 -99 38<br>
10 32 25 47 41 82 38 -99<br>
Output : <br>
![tc1](https://cloud.githubusercontent.com/assets/25560419/25264509/b181e4ec-2691-11e7-99c1-182c93d91331.JPG)


Input : <br>
10 10<br>
-99 1 2 3 4 5 6 7 8 9<br>
10 -99 11 12 13 14 15 16 17 18 <br>
19 20 -99 21 22 23 24 25 26 27<br>
28 29 30 -99 31 32 33 34 35 36<br>
37 38 39 40 -99 41 42 43 44 45<br>
46 47 48 49 50 -99 51 52 53 54<br>
55 56 57 58 59 60 -99 61 62 63<br>
64 65 66 67 68 69 70 -99 71 72<br>
73 74 75 76 77 78 79 80 -99 81<br>
82 83 84 85 86 87 88 89 90 -99<br>
Output : <br>
![tc2](https://cloud.githubusercontent.com/assets/25560419/25264592/3923d428-2692-11e7-9ebe-d6b0f2d3c35c.JPG)


